2023-01-02 00|32|4|45100|27300|95000
2023-01-02 01|33|5|45300|27500|95100
2023-01-02 02|34|6|45500|27700|95200
2023-01-02 03|35|7|45700|27900|95300
2023-01-02 04|36|8|45900|28100|95400
2023-01-02 05|37|8|46100|28300|95500
2023-01-02 06|38|8|46300|28500|95600
2023-01-02 07|39|8|46500|28700|95700
2023-01-02 08|40|8|46700|28900|95800
2023-01-02 09|41|8|46900|29100|95900
2023-01-02 10|42|8|47100|29300|96000
2023-01-02 11|43|8|47300|29500|96100
2023-01-02 12|44|8|47500|29700|96200
2023-01-02 13|45|8|47700|29900|96300
2023-01-02 14|46|8|47900|30100|96400
2023-01-02 15|47|8|48100|30300|96500
2023-01-02 16|48|8|48300|30500|96600
2023-01-02 17|49|8|48500|30700|96700
2023-01-02 18|50|8|48700|30900|96800
2023-01-02 19|51|8|48900|31100|96900
2023-01-02 20|52|8|49100|31300|97000
2023-01-02 21|53|8|49300|31500|97100
2023-01-02 22|54|8|49500|31700|97200
2023-01-02 23|55|8|49700|31900|97300
